c Deliberate and Controlled Co - production Dynamic Lot Sizing Problem
c p - Problem Description
c p - Period CPUCount ProductCount
c a - Alphas for Products
c a - CPU a1 a2 a3...
c f - Fixed Costs for Periods
c f - CPU f1 f2 f3...
c v - Variable Cost for Periods
c v - CPU c1 c2 c3...
c d - Demand for Products
c d - PRO d1 d2 d3...
c h - Holding Cost for Products
c h - PRO h1 h2 h3...
c FILE START
p 12 20 10
a 1 1 0 0 0 0 0 0 5 0 0
a 2 0 3 0 5 0 0 0 0 5 0
a 3 0 2 1 2 0 0 0 0 0 0
a 4 0 0 0 2 0 0 0 4 0 1
a 5 0 0 0 0 4 4 0 0 0 0
a 6 0 0 0 0 0 2 4 0 5 0
a 7 0 0 0 3 0 0 5 5 0 0
a 8 0 5 0 0 0 0 0 4 0 0
a 9 4 0 0 0 0 0 0 5 5 0
a 10 0 0 0 5 0 0 0 0 0 5
a 11 0 2 0 0 0 0 0 0 4 0
a 12 0 0 0 0 2 2 0 1 0 0
a 13 0 0 0 0 0 0 3 1 0 0
a 14 0 0 5 0 0 0 0 0 3 5
a 15 0 0 5 0 1 0 0 0 0 0
a 16 0 0 0 0 1 3 0 0 0 0
a 17 1 0 0 2 0 0 3 0 0 0
a 18 0 0 0 0 0 4 2 0 5 0
a 19 0 0 0 0 0 5 0 1 0 4
a 20 0 0 0 0 5 0 0 4 2 0
f 1 495 495 495 495 495 495 495 495 495 495 495 495
f 2 932 932 932 932 932 932 932 932 932 932 932 932
f 3 312 312 312 312 312 312 312 312 312 312 312 312
f 4 557 557 557 557 557 557 557 557 557 557 557 557
f 5 596 596 596 596 596 596 596 596 596 596 596 596
f 6 952 952 952 952 952 952 952 952 952 952 952 952
f 7 1053 1053 1053 1053 1053 1053 1053 1053 1053 1053 1053 1053
f 8 658 658 658 658 658 658 658 658 658 658 658 658
f 9 1115 1115 1115 1115 1115 1115 1115 1115 1115 1115 1115 1115
f 10 745 745 745 745 745 745 745 745 745 745 745 745
f 11 471 471 471 471 471 471 471 471 471 471 471 471
f 12 384 384 384 384 384 384 384 384 384 384 384 384
f 13 346 346 346 346 346 346 346 346 346 346 346 346
f 14 1004 1004 1004 1004 1004 1004 1004 1004 1004 1004 1004 1004
f 15 374 374 374 374 374 374 374 374 374 374 374 374
f 16 322 322 322 322 322 322 322 322 322 322 322 322
f 17 447 447 447 447 447 447 447 447 447 447 447 447
f 18 952 952 952 952 952 952 952 952 952 952 952 952
f 19 865 865 865 865 865 865 865 865 865 865 865 865
f 20 831 831 831 831 831 831 831 831 831 831 831 831
v 1 76 76 76 76 76 76 76 76 76 76 76 76
v 2 139 139 139 139 139 139 139 139 139 139 139 139
v 3 45 45 45 45 45 45 45 45 45 45 45 45
v 4 85 85 85 85 85 85 85 85 85 85 85 85
v 5 90 90 90 90 90 90 90 90 90 90 90 90
v 6 148 148 148 148 148 148 148 148 148 148 148 148
v 7 162 162 162 162 162 162 162 162 162 162 162 162
v 8 99 99 99 99 99 99 99 99 99 99 99 99
v 9 171 171 171 171 171 171 171 171 171 171 171 171
v 10 112 112 112 112 112 112 112 112 112 112 112 112
v 11 72 72 72 72 72 72 72 72 72 72 72 72
v 12 58 58 58 58 58 58 58 58 58 58 58 58
v 13 54 54 54 54 54 54 54 54 54 54 54 54
v 14 153 153 153 153 153 153 153 153 153 153 153 153
v 15 54 54 54 54 54 54 54 54 54 54 54 54
v 16 49 49 49 49 49 49 49 49 49 49 49 49
v 17 67 67 67 67 67 67 67 67 67 67 67 67
v 18 148 148 148 148 148 148 148 148 148 148 148 148
v 19 135 135 135 135 135 135 135 135 135 135 135 135
v 20 126 126 126 126 126 126 126 126 126 126 126 126
d 1 30 32 37 26 21 38 34 39 31 21 37 32
d 2 51 44 41 42 46 41 40 46 50 40 43 51
d 3 24 23 16 22 16 20 24 23 20 18 16 18
d 4 56 34 47 38 44 38 47 54 55 34 55 51
d 5 96 117 116 103 82 85 111 99 97 91 94 87
d 6 112 119 113 81 83 119 83 90 82 110 94 83
d 7 19 21 23 17 19 19 23 22 16 19 18 16
d 8 52 48 56 47 50 54 57 50 57 47 50 49
d 9 50 50 53 55 43 50 52 53 51 56 41 47
d 10 63 72 84 84 69 73 56 65 74 73 67 75
h 1 1 1 1 1 1 1 1 1 1 1 1 1
h 2 1 1 1 1 1 1 1 1 1 1 1 1
h 3 1 1 1 1 1 1 1 1 1 1 1 1
h 4 1 1 1 1 1 1 1 1 1 1 1 1
h 5 1 1 1 1 1 1 1 1 1 1 1 1
h 6 1.75 1.75 1.75 1.75 1.75 1.75 1.75 1.75 1.75 1.75 1.75 1.75
h 7 1.75 1.75 1.75 1.75 1.75 1.75 1.75 1.75 1.75 1.75 1.75 1.75
h 8 1.75 1.75 1.75 1.75 1.75 1.75 1.75 1.75 1.75 1.75 1.75 1.75
h 9 1.75 1.75 1.75 1.75 1.75 1.75 1.75 1.75 1.75 1.75 1.75 1.75
h 10 1.75 1.75 1.75 1.75 1.75 1.75 1.75 1.75 1.75 1.75 1.75 1.75
c FILE END
