c Deliberate and Controlled Co - production Dynamic Lot Sizing Problem
c p - Problem Description
c p - Period CPUCount ProductCount
c a - Alphas for Products
c a - CPU a1 a2 a3...
c f - Fixed Costs for Periods
c f - CPU f1 f2 f3...
c v - Variable Cost for Periods
c v - CPU c1 c2 c3...
c d - Demand for Products
c d - PRO d1 d2 d3...
c h - Holding Cost for Products
c h - PRO h1 h2 h3...
c FILE START
p 12 20 20
a	1	2	0	0	0	0	0	0	0	0	0	0	0	0	0	0	0	0	0	0	0
a	2	0	4	0	0	0	0	0	0	0	0	0	0	0	0	0	0	0	0	0	0
a	3	0	0	1	0	0	0	0	0	0	0	0	0	0	0	0	0	0	0	0	0
a	4	0	0	0	2	0	0	0	0	0	0	0	0	0	0	0	0	0	0	0	0
a	5	0	0	0	0	4	0	0	0	0	0	0	0	0	0	0	0	0	0	0	0
a	6	0	0	0	0	0	4	0	0	0	0	0	0	0	0	0	0	0	0	0	0
a	7	0	0	0	0	0	0	1	0	0	0	0	0	0	0	0	0	0	0	0	0
a	8	0	0	0	0	0	0	0	2	0	0	0	0	0	0	0	0	0	0	0	0
a	9	0	0	0	0	0	0	0	0	5	0	0	0	0	0	0	0	0	0	0	0
a	10	0	0	0	0	0	0	0	0	0	3	0	0	0	0	0	0	0	0	0	0
a	11	0	0	0	0	0	0	0	0	0	0	3	0	0	0	0	0	0	0	0	0
a	12	0	0	0	0	0	0	0	0	0	0	0	4	0	0	0	0	0	0	0	0
a	13	0	0	0	0	0	0	0	0	0	0	0	0	1	0	0	0	0	0	0	0
a	14	0	0	0	0	0	0	0	0	0	0	0	0	0	3	0	0	0	0	0	0
a	15	0	0	0	0	0	0	0	0	0	0	0	0	0	0	3	0	0	0	0	0
a	16	0	0	0	0	0	0	0	0	0	0	0	0	0	0	0	5	0	0	0	0
a	17	0	0	0	0	0	0	0	0	0	0	0	0	0	0	0	0	2	0	0	0
a	18	0	0	0	0	0	0	0	0	0	0	0	0	0	0	0	0	0	3	0	0
a	19	0	0	0	0	0	0	0	0	0	0	0	0	0	0	0	0	0	0	2	0
a	20	0	0	0	0	0	0	0	0	0	0	0	0	0	0	0	0	0	0	0	4

f 1 777 777 777 777 777 777 777 777 777 777 777 777
f 2 679 679 679 679 679 679 679 679 679 679 679 679
f 3 607 607 607 607 607 607 607 607 607 607 607 607
f 4 741 741 741 741 741 741 741 741 741 741 741 741
f 5 679 679 679 679 679 679 679 679 679 679 679 679
f 6 787 787 787 787 787 787 787 787 787 787 787 787
f 7 116 116 116 116 116 116 116 116 116 116 116 116
f 8 1178 1178 1178 1178 1178 1178 1178 1178 1178 1178 1178 1178
f 9 437 437 437 437 437 437 437 437 437 437 437 437
f 10 262 262 262 262 262 262 262 262 262 262 262 262
f 11 602 602 602 602 602 602 602 602 602 602 602 602
f 12 1065 1065 1065 1065 1065 1065 1065 1065 1065 1065 1065 1065
f 13 267 267 267 267 267 267 267 267 267 267 267 267
f 14 1204 1204 1204 1204 1204 1204 1204 1204 1204 1204 1204 1204
f 15 1281 1281 1281 1281 1281 1281 1281 1281 1281 1281 1281 1281
f 16 1178 1178 1178 1178 1178 1178 1178 1178 1178 1178 1178 1178
f 17 401 401 401 401 401 401 401 401 401 401 401 401
f 18 602 602 602 602 602 602 602 602 602 602 602 602
f 19 751 751 751 751 751 751 751 751 751 751 751 751
f 20 1204 1204 1204 1204 1204 1204 1204 1204 1204 1204 1204 1204
v 1 85 85 85 85 85 85 85 85 85 85 85 85
v 2 36 36 36 36 36 36 36 36 36 36 36 36
v 3 76 76 76 76 76 76 76 76 76 76 76 76
v 4 54 54 54 54 54 54 54 54 54 54 54 54
v 5 36 36 36 36 36 36 36 36 36 36 36 36
v 6 121 121 121 121 121 121 121 121 121 121 121 121
v 7 15 15 15 15 15 15 15 15 15 15 15 15
v 8 117 117 117 117 117 117 117 117 117 117 117 117
v 9 67 67 67 67 67 67 67 67 67 67 67 67
v 10 40 40 40 40 40 40 40 40 40 40 40 40
v 11 54 54 54 54 54 54 54 54 54 54 54 54
v 12 112 112 112 112 112 112 112 112 112 112 112 112
v 13 20 20 20 20 20 20 20 20 20 20 20 20
v 14 108 108 108 108 108 108 108 108 108 108 108 108
v 15 90 90 90 90 90 90 90 90 90 90 90 90
v 16 117 117 117 117 117 117 117 117 117 117 117 117
v 17 36 36 36 36 36 36 36 36 36 36 36 36
v 18 54 54 54 54 54 54 54 54 54 54 54 54
v 19 90 90 90 90 90 90 90 90 90 90 90 90
v 20 108 108 108 108 108 108 108 108 108 108 108 108
d 1 30 32 37 26 21 38 34 39 31 21 37 32
d 2 51 44 41 42 46 41 40 46 50 40 43 51
d 3 24 23 16 22 16 20 24 23 20 18 16 18
d 4 56 34 47 38 44 38 47 54 55 34 55 51
d 5 96 117 116 103 82 85 111 99 97 91 94 87
d 6 112 119 113 81 83 119 83 90 82 110 94 83
d 7 19 21 23 17 19 19 23 22 16 19 18 16
d 8 52 48 56 47 50 54 57 50 57 47 50 49
d 9 50 50 53 55 43 50 52 53 51 56 41 47
d 10 63 72 84 84 69 73 56 65 74 73 67 75
d 11 23 34 34 26 37 36 24 22 23 27 34 39
d 12 35 20 31 32 36 33 32 35 26 28 22 38
d 13 44 47 31 35 36 33 46 47 32 49 41 38
d 14 45 35 45 45 42 49 34 48 47 30 34 38
d 15 20 28 30 39 20 32 27 34 31 36 32 39
d 16 61 68 61 69 51 63 63 61 48 35 64 53
d 17 47 47 33 36 34 34 31 43 43 42 34 47
d 18 82 91 92 75 81 91 92 98 80 90 98 83
d 19 66 66 71 60 65 72 89 87 77 88 63 65
d 20 57 41 61 55 69 79 52 46 69 75 53 67
h 1 1 1 1 1 1 1 1 1 1 1 1 1
h 2 1 1 1 1 1 1 1 1 1 1 1 1
h 3 1 1 1 1 1 1 1 1 1 1 1 1
h 4 1 1 1 1 1 1 1 1 1 1 1 1
h 5 1 1 1 1 1 1 1 1 1 1 1 1
h 6 1.75 1.75 1.75 1.75 1.75 1.75 1.75 1.75 1.75 1.75 1.75 1.75
h 7 1.75 1.75 1.75 1.75 1.75 1.75 1.75 1.75 1.75 1.75 1.75 1.75
h 8 1.75 1.75 1.75 1.75 1.75 1.75 1.75 1.75 1.75 1.75 1.75 1.75
h 9 1.75 1.75 1.75 1.75 1.75 1.75 1.75 1.75 1.75 1.75 1.75 1.75
h 10 1.75 1.75 1.75 1.75 1.75 1.75 1.75 1.75 1.75 1.75 1.75 1.75
h 11 1.5 1.5 1.5 1.5 1.5 1.5 1.5 1.5 1.5 1.5 1.5 1.5
h 12 1.5 1.5 1.5 1.5 1.5 1.5 1.5 1.5 1.5 1.5 1.5 1.5
h 13 1.5 1.5 1.5 1.5 1.5 1.5 1.5 1.5 1.5 1.5 1.5 1.5
h 14 1.5 1.5 1.5 1.5 1.5 1.5 1.5 1.5 1.5 1.5 1.5 1.5
h 15 1.5 1.5 1.5 1.5 1.5 1.5 1.5 1.5 1.5 1.5 1.5 1.5
h 16 1.5 1.5 1.5 1.5 1.5 1.5 1.5 1.5 1.5 1.5 1.5 1.5
h 17 1.5 1.5 1.5 1.5 1.5 1.5 1.5 1.5 1.5 1.5 1.5 1.5
h 18 1.5 1.5 1.5 1.5 1.5 1.5 1.5 1.5 1.5 1.5 1.5 1.5
h 19 1.5 1.5 1.5 1.5 1.5 1.5 1.5 1.5 1.5 1.5 1.5 1.5
h 20 1.5 1.5 1.5 1.5 1.5 1.5 1.5 1.5 1.5 1.5 1.5 1.5
c FILE END
